terrain
9 9
0.124167 0.0833555 0.0645686 0.0768133 0.0919314 0.110627 0.144866 0.199294 0.271491
0.122278 0.0916692 0.0665179 0.0619165 0.0732308 0.104711 0.150167 0.215066 0.300221
0.130803 0.1089892 0.0810414 0.0631844 0.0701143 0.105556 0.145944 0.196582 0.264415
0.144678 0.1463481 0.1351881 0.1094621 0.0981446 0.113194 0.129168 0.147309 0.181286
0.999293 0.9992931 0.9992931 0.9992931 0.9992931 0.999293 0.999293 0.999293 0.999293
0.211389 0.2903471 0.3561781 0.3179791 0.2189131 0.155644 0.120826 0.090015 0.076310
0.253913 0.3305631 0.4019321 0.3777421 0.2714891 0.185722 0.143956 0.107574 0.072645 
0.301573 0.3540561 0.4128421 0.4228511 0.3437741 0.239657 0.186339 0.141074 0.088682
0.372834 0.4035511 0.4432061 0.4667141 0.4092841 0.297591 0.239378 0.000189 0.999293
